1.00000 0.00000 0.08824 0.00000 0.00000 0.00820 0.00000 0.00000 0.00000 0.00000 0.00000 0.00000 0.00000 0.00000 0.00000 0.00000 0.00000 0.00000 0.00000 0.00000 0.00000 0.00000 0.00000 0.00000 0.00000 0.00000 0.00000 0.00000 0.00000 0.00000 0.00000 0.00000 0.00000 0.00000 0.00000 0.00000 0.00000 0.00000 0.00000 0.00000 0.00000 0.00000 0.00000 0.00000 0.00000
0.00000 1.00000 0.00980 0.00000 0.01961 0.00000 0.00000 0.00000 0.00000 0.00000 0.00000 0.00000 0.00000 0.00000 0.00000 0.00000 0.00000 0.00000 0.00000 0.00000 0.00000 0.00000 0.00000 0.00000 0.00000 0.00000 0.00000 0.00000 0.00000 0.00000 0.00000 0.00000 0.00000 0.00000 0.00000 0.00000 0.00000 0.00000 0.00000 0.00000 0.00000 0.00000 0.00000 0.00000 0.00000
0.90000 0.33333 0.00980 0.00000 0.00000 0.00000 0.00000 0.00000 0.00000 0.00000 0.00000 0.00000 0.00000 0.00000 0.00000 0.00000 0.00000 0.00000 0.00000 0.00000 0.00000 0.00000 0.00000 0.00000 0.00000 0.00000 0.00000 0.00000 0.00000 0.00000 0.00000 0.00000 0.00000 0.00000 0.00000 0.00000 0.00000 0.00000 0.00000 0.00000 0.00000 0.00000 0.00000 0.00000 0.00000
0.00000 0.00000 0.00000 0.00000 0.00000 0.00000 0.00000 0.00000 0.00000 0.00000 0.00000 0.00000 0.00000 0.00000 0.00000 0.00000 0.00000 0.00000 0.00000 0.00000 0.00000 0.00000 0.00000 0.00000 0.00000 0.00000 0.00000 0.00000 0.00000 0.00000 0.00000 0.00000 0.00000 0.00000 0.00000 0.00000 0.00000 0.00000 0.00000 0.00000 0.00000 0.00000 0.00000 0.00000 0.00000
0.00000 0.66667 0.00000 0.00000 0.00000 0.00000 0.00000 0.00000 0.00000 0.00000 0.00000 0.00000 0.00000 0.00000 0.00000 0.00000 0.00000 0.00000 0.00000 0.00000 0.00000 0.00000 0.00000 0.00000 0.00000 0.00000 0.00000 0.00000 0.00000 0.00000 0.00000 0.00000 0.00000 0.00000 0.00000 0.00000 0.00000 0.00000 0.00000 0.00000 0.00000 0.00000 0.00000 0.00000 0.00000
0.10000 0.00000 0.00000 0.00000 0.00000 0.00000 0.00000 0.00000 0.00000 0.00000 0.00000 0.00000 0.00000 0.00000 0.00000 0.00000 0.00000 0.00000 0.00000 0.00000 0.00000 0.00000 0.00000 0.00000 0.00000 0.00000 0.00000 0.00000 0.00000 0.00000 0.00000 0.00000 0.00000 0.00000 0.00000 0.00000 0.00000 0.00000 0.00000 0.00000 0.00000 0.00000 0.00000 0.00000 0.00000
0.00000 0.00000 0.00000 0.00000 0.00000 0.00000 1.00000 0.29293 0.04040 0.38384 0.29293 0.01010 0.03030 0.00000 0.04040 0.21212 0.13131 0.01010 0.15152 0.03030 0.06061 0.16162 0.16162 0.09091 0.10101 0.46465 0.04040 0.04040 0.06061 0.01010 0.08081 0.12121 0.07071 0.00000 0.00000 0.02020 0.01010 0.03030 0.05051 0.08081 0.01010 0.01010 0.01010 0.03030 0.04040
0.00000 0.00000 0.00000 0.00000 0.00000 0.00000 0.43284 1.00000 0.13433 0.56716 0.32836 0.23881 0.04478 0.01493 0.02985 0.26866 0.22388 0.05970 0.26866 0.02985 0.04478 0.23881 0.04478 0.05970 0.07463 0.44776 0.01493 0.01493 0.04478 0.00000 0.07463 0.05970 0.04478 0.00000 0.00000 0.02985 0.00000 0.00000 0.02985 0.08955 0.00000 0.00000 0.00000 0.00000 0.04478
0.00000 0.00000 0.00000 0.00000 0.00000 0.00000 0.10000 0.22500 1.00000 0.62500 0.10000 0.17500 0.07500 0.00000 0.15000 0.12500 0.65000 0.00000 0.15000 0.22500 0.10000 0.52500 0.00000 0.00000 0.00000 0.17500 0.02500 0.17500 0.00000 0.12500 0.02500 0.00000 0.00000 0.07500 0.02500 0.05000 0.00000 0.05000 0.00000 0.02500 0.02500 0.00000 0.00000 0.00000 0.00000
0.00000 0.00000 0.00000 0.00000 0.00000 0.00000 0.20765 0.20765 0.13661 1.00000 0.21858 0.28962 0.02732 0.00546 0.07650 0.19126 0.36066 0.05464 0.39344 0.13661 0.07104 0.27869 0.02186 0.05464 0.01639 0.28415 0.02186 0.05464 0.00546 0.00546 0.02732 0.02732 0.01093 0.00000 0.00546 0.02186 0.01093 0.02732 0.01093 0.01639 0.00000 0.00000 0.00000 0.00000 0.00546
0.00000 0.00000 0.00000 0.00000 0.00000 0.00000 0.36250 0.27500 0.05000 0.50000 1.00000 0.20000 0.07500 0.00000 0.17500 0.18750 0.36250 0.03750 0.26250 0.12500 0.13750 0.33750 0.08750 0.02500 0.05000 0.28750 0.03750 0.11250 0.05000 0.02500 0.07500 0.06250 0.03750 0.05000 0.01250 0.01250 0.02500 0.03750 0.01250 0.03750 0.00000 0.00000 0.00000 0.02500 0.02500
0.00000 0.00000 0.00000 0.00000 0.00000 0.00000 0.01538 0.24615 0.10769 0.81538 0.24615 1.00000 0.07692 0.01538 0.00000 0.13846 0.06154 0.13846 0.76923 0.01538 0.03077 0.07692 0.00000 0.01538 0.00000 0.13846 0.01538 0.03077 0.00000 0.00000 0.01538 0.00000 0.00000 0.00000 0.00000 0.00000 0.01538 0.00000 0.01538 0.00000 0.00000 0.00000 0.00000 0.00000 0.00000
0.00000 0.00000 0.00000 0.00000 0.00000 0.00000 0.09091 0.09091 0.09091 0.15152 0.18182 0.15152 1.00000 0.06061 0.42424 0.03030 0.45455 0.00000 0.21212 0.18182 0.27273 0.30303 0.03030 0.00000 0.00000 0.09091 0.00000 0.15152 0.00000 0.30303 0.03030 0.03030 0.00000 0.21212 0.06061 0.00000 0.06061 0.12121 0.00000 0.00000 0.00000 0.00000 0.00000 0.00000 0.00000
0.00000 0.00000 0.00000 0.00000 0.00000 0.00000 0.00000 0.33333 0.00000 0.33333 0.00000 0.33333 0.66667 1.00000 0.66667 0.33333 0.00000 0.00000 0.00000 0.00000 0.00000 0.00000 0.00000 0.00000 0.00000 0.00000 0.00000 0.00000 0.00000 0.00000 0.00000 0.00000 0.00000 0.00000 0.00000 0.00000 0.00000 0.00000 0.00000 0.00000 0.00000 0.00000 0.00000 0.00000 0.00000
0.00000 0.00000 0.00000 0.00000 0.00000 0.00000 0.04494 0.02247 0.06742 0.15730 0.15730 0.00000 0.15730 0.02247 1.00000 0.02247 0.61798 0.00000 0.22472 0.22472 0.28090 0.60674 0.00000 0.00000 0.00000 0.08989 0.01124 0.25843 0.00000 0.21348 0.01124 0.00000 0.00000 0.12360 0.00000 0.00000 0.04494 0.07865 0.00000 0.00000 0.00000 0.00000 0.00000 0.00000 0.00000
0.00000 0.00000 0.00000 0.00000 0.00000 0.00000 0.42000 0.36000 0.10000 0.70000 0.30000 0.18000 0.02000 0.02000 0.04000 1.00000 0.28000 0.08000 0.18000 0.12000 0.06000 0.28000 0.10000 0.10000 0.04000 0.46000 0.02000 0.02000 0.00000 0.00000 0.04000 0.10000 0.02000 0.00000 0.00000 0.08000 0.00000 0.02000 0.02000 0.06000 0.00000 0.00000 0.02000 0.02000 0.02000
0.00000 0.00000 0.00000 0.00000 0.00000 0.00000 0.06989 0.08065 0.13978 0.35484 0.15591 0.02151 0.08065 0.00000 0.29570 0.07527 1.00000 0.01075 0.10753 0.35484 0.21505 0.61828 0.01075 0.02151 0.00000 0.20430 0.03226 0.16667 0.00000 0.14516 0.01613 0.00000 0.00000 0.04839 0.01613 0.01075 0.00538 0.03763 0.00000 0.01075 0.00000 0.00000 0.00000 0.00000 0.00000
0.00000 0.00000 0.00000 0.00000 0.00000 0.00000 0.07143 0.28571 0.00000 0.71429 0.21429 0.64286 0.00000 0.00000 0.00000 0.28571 0.14286 1.00000 1.00000 0.00000 0.00000 0.21429 0.00000 0.07143 0.00000 0.07143 0.07143 0.14286 0.00000 0.00000 0.00000 0.00000 0.00000 0.00000 0.00000 0.00000 0.07143 0.00000 0.00000 0.00000 0.00000 0.00000 0.00000 0.00000 0.00000
0.00000 0.00000 0.00000 0.00000 0.00000 0.00000 0.12195 0.14634 0.04878 0.58537 0.17073 0.40650 0.05691 0.00000 0.16260 0.07317 0.16260 0.11382 1.00000 0.05691 0.08943 0.19512 0.02439 0.03252 0.02439 0.11382 0.01626 0.06504 0.02439 0.10569 0.00813 0.02439 0.01626 0.02439 0.00813 0.00813 0.03252 0.03252 0.03252 0.00813 0.00000 0.00000 0.00000 0.00813 0.00813
0.00000 0.00000 0.00000 0.00000 0.00000 0.00000 0.03896 0.02597 0.11688 0.32468 0.12987 0.01299 0.07792 0.00000 0.25974 0.07792 0.85714 0.00000 0.09091 1.00000 0.20779 0.61039 0.00000 0.00000 0.00000 0.19481 0.02597 0.14286 0.00000 0.07792 0.01299 0.00000 0.00000 0.07792 0.03896 0.01299 0.00000 0.02597 0.00000 0.01299 0.01299 0.00000 0.00000 0.00000 0.00000
0.00000 0.00000 0.00000 0.00000 0.00000 0.00000 0.09524 0.04762 0.06349 0.20635 0.17460 0.03175 0.14286 0.00000 0.39683 0.04762 0.63492 0.00000 0.17460 0.25397 1.00000 0.73016 0.03175 0.00000 0.00000 0.22222 0.00000 0.22222 0.00000 0.20635 0.00000 0.01587 0.01587 0.09524 0.00000 0.00000 0.07937 0.03175 0.00000 0.01587 0.00000 0.00000 0.00000 0.00000 0.00000
0.00000 0.00000 0.00000 0.00000 0.00000 0.00000 0.09756 0.09756 0.12805 0.31098 0.16463 0.03049 0.06098 0.00000 0.32927 0.08537 0.70122 0.01829 0.14634 0.28659 0.28049 1.00000 0.00610 0.01220 0.00000 0.15854 0.02439 0.15244 0.00000 0.18902 0.03049 0.00610 0.01220 0.05488 0.00610 0.01829 0.03659 0.04268 0.00000 0.01220 0.00610 0.00000 0.00000 0.00000 0.00000
0.00000 0.00000 0.00000 0.00000 0.00000 0.00000 0.94118 0.17647 0.00000 0.23529 0.41176 0.00000 0.05882 0.00000 0.00000 0.29412 0.11765 0.00000 0.17647 0.00000 0.11765 0.05882 1.00000 0.05882 0.11765 0.41176 0.05882 0.11765 0.05882 0.00000 0.05882 0.23529 0.05882 0.00000 0.00000 0.00000 0.00000 0.00000 0.00000 0.05882 0.05882 0.00000 0.00000 0.05882 0.05882
0.00000 0.00000 0.00000 0.00000 0.00000 0.00000 0.50000 0.22222 0.00000 0.55556 0.11111 0.05556 0.00000 0.00000 0.00000 0.27778 0.22222 0.05556 0.22222 0.00000 0.00000 0.11111 0.05556 1.00000 0.11111 0.77778 0.00000 0.00000 0.05556 0.00000 0.00000 0.05556 0.11111 0.00000 0.00000 0.11111 0.00000 0.00000 0.11111 0.00000 0.00000 0.00000 0.05556 0.00000 0.00000
0.00000 0.00000 0.00000 0.00000 0.00000 0.00000 0.90909 0.45455 0.00000 0.27273 0.36364 0.00000 0.00000 0.00000 0.00000 0.18182 0.00000 0.00000 0.27273 0.00000 0.00000 0.00000 0.18182 0.18182 1.00000 0.54545 0.00000 0.00000 0.27273 0.00000 0.00000 0.27273 0.18182 0.00000 0.00000 0.00000 0.00000 0.00000 0.18182 0.00000 0.00000 0.00000 0.00000 0.09091 0.09091
0.00000 0.00000 0.00000 0.00000 0.00000 0.00000 0.43396 0.28302 0.06604 0.49057 0.21698 0.08491 0.02830 0.00000 0.07547 0.21698 0.35849 0.00943 0.13208 0.14151 0.13208 0.24528 0.06604 0.13208 0.05660 1.00000 0.02830 0.05660 0.03774 0.01887 0.06604 0.07547 0.04717 0.00943 0.00000 0.03774 0.00000 0.00000 0.03774 0.04717 0.00000 0.00000 0.00943 0.01887 0.00943
0.00000 0.00000 0.00000 0.00000 0.00000 0.00000 0.40000 0.10000 0.10000 0.40000 0.30000 0.10000 0.00000 0.00000 0.10000 0.10000 0.60000 0.10000 0.20000 0.20000 0.00000 0.40000 0.10000 0.00000 0.00000 0.30000 1.00000 0.10000 0.00000 0.00000 0.00000 0.00000 0.10000 0.00000 0.00000 0.00000 0.00000 0.00000 0.00000 0.10000 0.00000 0.00000 0.00000 0.00000 0.00000
0.00000 0.00000 0.00000 0.00000 0.00000 0.00000 0.07547 0.01887 0.13208 0.18868 0.16981 0.03774 0.09434 0.00000 0.43396 0.01887 0.58491 0.03774 0.15094 0.20755 0.26415 0.47170 0.03774 0.00000 0.00000 0.11321 0.01887 1.00000 0.00000 0.15094 0.00000 0.00000 0.00000 0.05660 0.00000 0.01887 0.01887 0.05660 0.00000 0.00000 0.01887 0.00000 0.00000 0.00000 0.00000
0.00000 0.00000 0.00000 0.00000 0.00000 0.00000 1.00000 0.50000 0.00000 0.16667 0.66667 0.00000 0.00000 0.00000 0.00000 0.00000 0.00000 0.00000 0.50000 0.00000 0.00000 0.00000 0.16667 0.16667 0.50000 0.66667 0.00000 0.00000 1.00000 0.00000 0.00000 0.16667 0.16667 0.00000 0.00000 0.00000 0.00000 0.00000 0.33333 0.16667 0.00000 0.00000 0.00000 0.16667 0.00000
0.00000 0.00000 0.00000 0.00000 0.00000 0.00000 0.02000 0.00000 0.10000 0.02000 0.04000 0.00000 0.20000 0.00000 0.38000 0.00000 0.54000 0.00000 0.26000 0.12000 0.26000 0.62000 0.00000 0.00000 0.00000 0.04000 0.00000 0.16000 0.00000 1.00000 0.04000 0.02000 0.02000 0.10000 0.02000 0.00000 0.08000 0.06000 0.00000 0.00000 0.00000 0.00000 0.00000 0.00000 0.00000
0.00000 0.00000 0.00000 0.00000 0.00000 0.00000 0.57143 0.35714 0.07143 0.35714 0.42857 0.07143 0.07143 0.00000 0.07143 0.14286 0.21429 0.00000 0.07143 0.07143 0.00000 0.35714 0.07143 0.00000 0.00000 0.50000 0.00000 0.00000 0.00000 0.14286 1.00000 0.07143 0.07143 0.07143 0.00000 0.07143 0.00000 0.07143 0.00000 0.00000 0.00000 0.00000 0.00000 0.00000 0.00000
0.00000 0.00000 0.00000 0.00000 0.00000 0.00000 0.80000 0.26667 0.00000 0.33333 0.33333 0.00000 0.06667 0.00000 0.00000 0.33333 0.00000 0.00000 0.20000 0.00000 0.06667 0.06667 0.26667 0.06667 0.20000 0.53333 0.00000 0.00000 0.06667 0.06667 0.06667 1.00000 0.06667 0.00000 0.00000 0.00000 0.00000 0.00000 0.13333 0.13333 0.00000 0.00000 0.00000 0.13333 0.13333
0.00000 0.00000 0.00000 0.00000 0.00000 0.00000 0.70000 0.30000 0.00000 0.20000 0.30000 0.00000 0.00000 0.00000 0.00000 0.10000 0.00000 0.00000 0.20000 0.00000 0.10000 0.20000 0.10000 0.20000 0.20000 0.50000 0.10000 0.00000 0.10000 0.10000 0.10000 0.10000 1.00000 0.00000 0.00000 0.00000 0.00000 0.00000 0.00000 0.10000 0.00000 0.00000 0.00000 0.00000 0.00000
0.00000 0.00000 0.00000 0.00000 0.00000 0.00000 0.00000 0.00000 0.18750 0.00000 0.25000 0.00000 0.43750 0.00000 0.68750 0.00000 0.56250 0.00000 0.18750 0.37500 0.37500 0.56250 0.00000 0.00000 0.00000 0.06250 0.00000 0.18750 0.00000 0.31250 0.06250 0.00000 0.00000 1.00000 0.00000 0.00000 0.12500 0.12500 0.00000 0.00000 0.00000 0.00000 0.00000 0.00000 0.00000
0.00000 0.00000 0.00000 0.00000 0.00000 0.00000 0.00000 0.00000 0.20000 0.20000 0.20000 0.00000 0.40000 0.00000 0.00000 0.00000 0.60000 0.00000 0.20000 0.60000 0.00000 0.20000 0.00000 0.00000 0.00000 0.00000 0.00000 0.00000 0.00000 0.20000 0.00000 0.00000 0.00000 0.00000 1.00000 0.00000 0.00000 0.00000 0.00000 0.00000 0.00000 0.00000 0.00000 0.00000 0.00000
0.00000 0.00000 0.00000 0.00000 0.00000 0.00000 0.28571 0.28571 0.28571 0.57143 0.14286 0.00000 0.00000 0.00000 0.00000 0.57143 0.28571 0.00000 0.14286 0.14286 0.00000 0.42857 0.00000 0.28571 0.00000 0.57143 0.00000 0.14286 0.00000 0.00000 0.14286 0.00000 0.00000 0.00000 0.00000 1.00000 0.00000 0.00000 0.00000 0.00000 0.14286 0.00000 0.00000 0.00000 0.00000
0.00000 0.00000 0.00000 0.00000 0.00000 0.00000 0.11111 0.00000 0.00000 0.22222 0.22222 0.11111 0.22222 0.00000 0.44444 0.00000 0.11111 0.11111 0.44444 0.00000 0.55556 0.66667 0.00000 0.00000 0.00000 0.00000 0.00000 0.11111 0.00000 0.44444 0.00000 0.00000 0.00000 0.22222 0.00000 0.00000 1.00000 0.11111 0.00000 0.00000 0.00000 0.00000 0.00000 0.00000 0.00000
0.00000 0.00000 0.00000 0.00000 0.00000 0.00000 0.21429 0.00000 0.14286 0.35714 0.21429 0.00000 0.28571 0.00000 0.50000 0.07143 0.50000 0.00000 0.28571 0.14286 0.14286 0.50000 0.00000 0.00000 0.00000 0.00000 0.00000 0.21429 0.00000 0.21429 0.07143 0.00000 0.00000 0.14286 0.00000 0.00000 0.07143 1.00000 0.00000 0.00000 0.00000 0.00000 0.00000 0.00000 0.00000
0.00000 0.00000 0.00000 0.00000 0.00000 0.00000 0.83333 0.33333 0.00000 0.33333 0.16667 0.16667 0.00000 0.00000 0.00000 0.16667 0.00000 0.00000 0.66667 0.00000 0.00000 0.00000 0.00000 0.33333 0.33333 0.66667 0.00000 0.00000 0.33333 0.00000 0.00000 0.33333 0.00000 0.00000 0.00000 0.00000 0.00000 0.00000 1.00000 0.00000 0.00000 0.00000 0.00000 0.16667 0.00000
0.00000 0.00000 0.00000 0.00000 0.00000 0.00000 0.80000 0.60000 0.10000 0.30000 0.30000 0.00000 0.00000 0.00000 0.00000 0.30000 0.20000 0.00000 0.10000 0.10000 0.10000 0.20000 0.10000 0.00000 0.00000 0.50000 0.10000 0.00000 0.10000 0.00000 0.00000 0.20000 0.10000 0.00000 0.00000 0.00000 0.00000 0.00000 0.00000 1.00000 0.00000 0.00000 0.00000 0.10000 0.10000
0.00000 0.00000 0.00000 0.00000 0.00000 0.00000 0.33333 0.00000 0.33333 0.00000 0.00000 0.00000 0.00000 0.00000 0.00000 0.00000 0.00000 0.00000 0.00000 0.33333 0.00000 0.33333 0.33333 0.00000 0.00000 0.00000 0.00000 0.33333 0.00000 0.00000 0.00000 0.00000 0.00000 0.00000 0.00000 0.33333 0.00000 0.00000 0.00000 0.00000 1.00000 0.00000 0.00000 0.00000 0.00000
0.00000 0.00000 0.00000 0.00000 0.00000 0.00000 1.00000 0.00000 0.00000 0.00000 0.00000 0.00000 0.00000 0.00000 0.00000 0.00000 0.00000 0.00000 0.00000 0.00000 0.00000 0.00000 0.00000 0.00000 0.00000 0.00000 0.00000 0.00000 0.00000 0.00000 0.00000 0.00000 0.00000 0.00000 0.00000 0.00000 0.00000 0.00000 0.00000 0.00000 0.00000 1.00000 0.00000 0.00000 0.00000
0.00000 0.00000 0.00000 0.00000 0.00000 0.00000 1.00000 0.00000 0.00000 0.00000 0.00000 0.00000 0.00000 0.00000 0.00000 1.00000 0.00000 0.00000 0.00000 0.00000 0.00000 0.00000 0.00000 1.00000 0.00000 1.00000 0.00000 0.00000 0.00000 0.00000 0.00000 0.00000 0.00000 0.00000 0.00000 0.00000 0.00000 0.00000 0.00000 0.00000 0.00000 0.00000 1.00000 0.00000 0.00000
0.00000 0.00000 0.00000 0.00000 0.00000 0.00000 1.00000 0.00000 0.00000 0.00000 0.66667 0.00000 0.00000 0.00000 0.00000 0.33333 0.00000 0.00000 0.33333 0.00000 0.00000 0.00000 0.33333 0.00000 0.33333 0.66667 0.00000 0.00000 0.33333 0.00000 0.00000 0.66667 0.00000 0.00000 0.00000 0.00000 0.00000 0.00000 0.33333 0.33333 0.00000 0.00000 0.00000 1.00000 0.00000
0.00000 0.00000 0.00000 0.00000 0.00000 0.00000 0.80000 0.60000 0.00000 0.20000 0.40000 0.00000 0.00000 0.00000 0.00000 0.20000 0.00000 0.00000 0.20000 0.00000 0.00000 0.00000 0.20000 0.00000 0.20000 0.20000 0.00000 0.00000 0.00000 0.00000 0.00000 0.40000 0.00000 0.00000 0.00000 0.00000 0.00000 0.00000 0.00000 0.20000 0.00000 0.00000 0.00000 0.00000 1.00000
